2
1.41
3
1.73
5
2.24
7
2.65
11
3.32
13
3.61
17
4.12
19
4.36
23
4.8
29
5.39
31
5.57
37
6.08
41
6.4
43
6.56
47
6.86
53
7.28
59
7.68
61
7.81
67
8.19
71
8.43
73
8.54
79
8.89
83
9.11
89
9.43
97
9.85
101
10.05
103
10.15
107
10.34
109
10.44
113
10.63
127
11.27
131
11.45
137
11.7
139
11.79
149
12.21
151
12.29
157
12.53
163
12.77
167
12.92
173
13.15
179
13.38
181
13.45
191
13.82
193
13.89
197
14.04
199
14.11
211
14.53
223
14.93
227
15.07
229
15.13
233
15.26
239
15.46
241
15.52
251
15.84
257
16.03
263
16.22
269
16.4
271
16.46
277
16.64
281
16.76
283
16.82
293
17.12
307
17.52
311
17.64
313
17.69
317
17.8
331
18.19
337
18.36
347
18.63
349
18.68
353
18.79
359
18.95
367
19.16
373
19.31
379
19.47
383
19.57
389
19.72
397
19.92
401
20.02
409
20.22
419
20.47
421
20.52
431
20.76
433
20.81
439
20.95
443
21.05
449
21.19
457
21.38
461
21.47
463
21.52
467
21.61
479
21.89
487
22.07
491
22.16
499
22.34
