1.41
1.73
2.24
2.65
3.32
3.61
4.12
4.36
4.8
5.39
5.57
6.08
6.4
6.56
6.86
7.28
7.68
7.81
8.19
8.43
8.54
8.89
9.11
9.43
9.85
10.05
10.15
10.34
10.44
10.63
11.27
11.45
11.7
11.79
12.21
12.29
12.53
12.77
12.92
13.15
13.38
13.45
13.82
13.89
14.04
14.11
14.53
14.93
15.07
15.13
15.26
15.46
15.52
15.84
16.03
16.22
16.4
16.46
16.64
16.76
16.82
17.12
17.52
17.64
17.69
17.8
18.19
18.36
18.63
18.68
18.79
18.95
19.16
19.31
19.47
19.57
19.72
19.92
20.02
20.22
20.47
20.52
20.76
20.81
20.95
21.05
21.19
21.38
21.47
21.52
21.61
21.89
22.07
22.16
22.34
